Dados da execucao do algoritmo bubbleSort
Tempo de ordenacao do vetor ordenado crescente: 0.007001797358194987
Vetor ordenado: 
0
1
2
3
4
5
6
7
8
9
10
11
12
13
14
15
16
17
18
19
20
21
22
23
24
25
26
27
28
29
30
31
32
33
34
35
36
37
38
39
40
41
42
43
44
45
46
47
48
49
50
51
52
53
54
55
56
57
58
59
60
61
62
63
64
65
66
67
68
69
70
71
72
73
74
75
76
77
78
79
80
81
82
83
84
85
86
87
88
89
90
91
92
93
94
95
96
97
98
99
100
101
102
103
104
105
106
107
108
109
110
111
112
113
114
115
116
117
118
119
120
121
122
123
124
125
126
127
128
129
130
131
132
133
134
135
136
137
138
139
140
141
142
143
144
145
146
147
148
149
150
151
152
153
154
155
156
157
158
159
160
161
162
163
164
165
166
167
168
169
170
171
172
173
174
175
176
177
178
179
180
181
182
183
184
185
186
187
188
189
190
191
192
193
194
195
196
197
198
199
200
201
202
203
204
205
206
207
208
209
210
211
212
213
214
215
216
217
218
219
220
221
222
223
224
225
226
227
228
229
230
231
232
233
234
235
236
237
238
239
240
241
242
243
244
245
246
247
248
249
250
251
252
253
254
255
256
257
258
259
260
261
262
263
264
265
266
267
268
269
270
271
272
273
274
275
276
277
278
279
280
281
282
283
284
285
286
287
288
289
290
291
292
293
294
295
296
297
298
299
300
301
302
303
304
305
306
307
308
309
310
311
312
313
314
315
316
317
318
319
320
321
322
323
324
325
326
327
328
329
330
331
332
333
334
335
336
337
338
339
340
341
342
343
344
345
346
347
348
349
350
351
352
353
354
355
356
357
358
359
360
361
362
363
364
365
366
367
368
369
370
371
372
373
374
375
376
377
378
379
380
381
382
383
384
385
386
387
388
389
390
391
392
393
394
395
396
397
398
399
400
401
402
403
404
405
406
407
408
409
410
411
412
413
414
415
416
417
418
419
420
421
422
423
424
425
426
427
428
429
430
431
432
433
434
435
436
437
438
439
440
441
442
443
444
445
446
447
448
449
450
451
452
453
454
455
456
457
458
459
460
461
462
463
464
465
466
467
468
469
470
471
472
473
474
475
476
477
478
479
480
481
482
483
484
485
486
487
488
489
490
491
492
493
494
495
496
497
498
499
Tempo de ordenacao do vetor ordenado decrescente: 0.015002806981404623
Vetor ordenado: 
0
1
2
3
4
5
6
7
8
9
10
11
12
13
14
15
16
17
18
19
20
21
22
23
24
25
26
27
28
29
30
31
32
33
34
35
36
37
38
39
40
41
42
43
44
45
46
47
48
49
50
51
52
53
54
55
56
57
58
59
60
61
62
63
64
65
66
67
68
69
70
71
72
73
74
75
76
77
78
79
80
81
82
83
84
85
86
87
88
89
90
91
92
93
94
95
96
97
98
99
100
101
102
103
104
105
106
107
108
109
110
111
112
113
114
115
116
117
118
119
120
121
122
123
124
125
126
127
128
129
130
131
132
133
134
135
136
137
138
139
140
141
142
143
144
145
146
147
148
149
150
151
152
153
154
155
156
157
158
159
160
161
162
163
164
165
166
167
168
169
170
171
172
173
174
175
176
177
178
179
180
181
182
183
184
185
186
187
188
189
190
191
192
193
194
195
196
197
198
199
200
201
202
203
204
205
206
207
208
209
210
211
212
213
214
215
216
217
218
219
220
221
222
223
224
225
226
227
228
229
230
231
232
233
234
235
236
237
238
239
240
241
242
243
244
245
246
247
248
249
250
251
252
253
254
255
256
257
258
259
260
261
262
263
264
265
266
267
268
269
270
271
272
273
274
275
276
277
278
279
280
281
282
283
284
285
286
287
288
289
290
291
292
293
294
295
296
297
298
299
300
301
302
303
304
305
306
307
308
309
310
311
312
313
314
315
316
317
318
319
320
321
322
323
324
325
326
327
328
329
330
331
332
333
334
335
336
337
338
339
340
341
342
343
344
345
346
347
348
349
350
351
352
353
354
355
356
357
358
359
360
361
362
363
364
365
366
367
368
369
370
371
372
373
374
375
376
377
378
379
380
381
382
383
384
385
386
387
388
389
390
391
392
393
394
395
396
397
398
399
400
401
402
403
404
405
406
407
408
409
410
411
412
413
414
415
416
417
418
419
420
421
422
423
424
425
426
427
428
429
430
431
432
433
434
435
436
437
438
439
440
441
442
443
444
445
446
447
448
449
450
451
452
453
454
455
456
457
458
459
460
461
462
463
464
465
466
467
468
469
470
471
472
473
474
475
476
477
478
479
480
481
482
483
484
485
486
487
488
489
490
491
492
493
494
495
496
497
498
499
Tempo de ordenacao do vetor aleatorio: 0.011669794718424479
Vetor ordenado: 
253
462
739
946
1017
1018
1263
1312
1429
1460
2194
2707
2973
3316
4254
4459
4872
4944
5045
5718
5994
6352
6440
7033
7082
7530
7843
8019
8218
8503
8713
8792
9542
10186
11055
11416
11478
11582
11792
12765
12856
13554
13770
14097
14331
14616
15173
16493
17187
17196
17650
18728
19686
19802
20013
20067
20128
20183
20243
20672
20873
21228
21955
22165
22223
22538
22729
22792
23279
23529
23564
24131
24252
24569
24756
25546
25766
26031
26918
26940
28824
29970
29974
30170
31074
31167
31172
31664
31694
32187
32284
32348
32521
32592
33004
33412
33650
33890
35750
35815
36287
36807
37713
38828
38907
39497
39640
39664
40209
40224
41670
42881
43218
43419
44288
44316
44685
45145
45338
45948
46419
46923
48217
48324
48412
48662
48883
49216
49233
49294
49652
50865
51282
51692
51782
51790
52818
52820
52866
53195
53213
53303
53497
54811
56042
56113
56226
56279
56308
56941
57154
57461
58462
58605
58732
59061
59245
59354
59555
59634
59638
59655
59879
60367
60959
61223
61312
61562
62392
62849
62943
63078
64459
64890
65206
65580
65933
66400
66855
67112
67184
67966
67998
68316
69218
69261
69574
69614
70097
70205
70983
73519
73939
74718
74905
75112
75302
76284
77061
77443
77582
77975
78285
78788
79272
80263
80406
80668
81761
81808
81821
82059
82066
82232
82747
82938
83047
83388
84363
84669
85007
85090
85312
85367
85404
85521
85569
87173
87292
87461
87464
87504
88538
89034
89155
89248
89534
89575
89984
90116
90787
91600
92030
92154
92435
93103
93133
93412
93545
93806
94025
94551
94682
94962
96922
98414
98945
98948
99154
99561
99598
100516
101063
101462
101742
101822
103040
103169
103263
103986
104326
104364
104714
104738
105290
105670
105891
106317
106427
107759
108283
108467
108786
108953
109512
109542
110122
110180
110189
110629
110674
111479
111606
112292
112995
113095
113515
113984
114796
114895
114896
115893
115929
116049
116229
116248
116460
116479
118533
118782
119108
119561
119908
120003
120018
120112
120313
120385
120778
120793
121071
121418
121707
121797
122425
122776
123003
123795
123799
124080
124570
125329
128282
128415
128810
129176
129246
129309
129344
129646
130168
130833
130869
131520
131800
131868
132903
133032
133498
134125
134475
134673
134675
135423
135600
136174
136313
136972
137302
137928
138998
139025
139358
139435
139776
141129
141273
141642
143029
143206
143546
144152
146335
146744
146843
146876
147880
147929
148874
148893
149122
149446
149508
150702
150721
150857
150977
151738
151815
152018
153494
153552
156430
156541
156568
156703
157206
157802
157833
158262
158336
159901
160017
160818
160879
161577
161950
162398
162861
163518
164203
164543
164980
165579
166206
166304
166892
167471
167478
168500
168535
169484
170492
170592
170610
170818
170903
171112
171243
172148
172167
172699
173444
173659
173721
173861
174336
174413
174606
175365
175634
175809
176563
176591
176896
177660
177876
178685
179121
179367
179914
180554
181277
181501
181552
181673
181869
182664
183004
183213
183586
184202
184891
185094
185207
185685
187011
187981
188130
188234
188597
188872
189134
189348
189504
189526
189866
189878
190167
190492
191952
191983
192054
192213
192709
192948
193146
193183
193197
194029
194152
194484
194633
195209
195263
195434
195648
197623
198344
198727
