Dados da execucao do algoritmo mergeSort
Tempo de ordenacao do vetor ordenado crescente: 0.0020386377970377603
Vetor ordenado: 
0
1
2
3
4
5
6
7
8
9
10
11
12
13
14
15
16
17
18
19
20
21
22
23
24
25
26
27
28
29
30
31
32
33
34
35
36
37
38
39
40
41
42
43
44
45
46
47
48
49
50
51
52
53
54
55
56
57
58
59
60
61
62
63
64
65
66
67
68
69
70
71
72
73
74
75
76
77
78
79
80
81
82
83
84
85
86
87
88
89
90
91
92
93
94
95
96
97
98
99
100
101
102
103
104
105
106
107
108
109
110
111
112
113
114
115
116
117
118
119
120
121
122
123
124
125
126
127
128
129
130
131
132
133
134
135
136
137
138
139
140
141
142
143
144
145
146
147
148
149
150
151
152
153
154
155
156
157
158
159
160
161
162
163
164
165
166
167
168
169
170
171
172
173
174
175
176
177
178
179
180
181
182
183
184
185
186
187
188
189
190
191
192
193
194
195
196
197
198
199
200
201
202
203
204
205
206
207
208
209
210
211
212
213
214
215
216
217
218
219
220
221
222
223
224
225
226
227
228
229
230
231
232
233
234
235
236
237
238
239
240
241
242
243
244
245
246
247
248
249
250
251
252
253
254
255
256
257
258
259
260
261
262
263
264
265
266
267
268
269
270
271
272
273
274
275
276
277
278
279
280
281
282
283
284
285
286
287
288
289
290
291
292
293
294
295
296
297
298
299
300
301
302
303
304
305
306
307
308
309
310
311
312
313
314
315
316
317
318
319
320
321
322
323
324
325
326
327
328
329
330
331
332
333
334
335
336
337
338
339
340
341
342
343
344
345
346
347
348
349
350
351
352
353
354
355
356
357
358
359
360
361
362
363
364
365
366
367
368
369
370
371
372
373
374
375
376
377
378
379
380
381
382
383
384
385
386
387
388
389
390
391
392
393
394
395
396
397
398
399
400
401
402
403
404
405
406
407
408
409
410
411
412
413
414
415
416
417
418
419
420
421
422
423
424
425
426
427
428
429
430
431
432
433
434
435
436
437
438
439
440
441
442
443
444
445
446
447
448
449
450
451
452
453
454
455
456
457
458
459
460
461
462
463
464
465
466
467
468
469
470
471
472
473
474
475
476
477
478
479
480
481
482
483
484
485
486
487
488
489
490
491
492
493
494
495
496
497
498
499
500
501
502
503
504
505
506
507
508
509
510
511
512
513
514
515
516
517
518
519
520
521
522
523
524
525
526
527
528
529
530
531
532
533
534
535
536
537
538
539
540
541
542
543
544
545
546
547
548
549
550
551
552
553
554
555
556
557
558
559
560
561
562
563
564
565
566
567
568
569
570
571
572
573
574
575
576
577
578
579
580
581
582
583
584
585
586
587
588
589
590
591
592
593
594
595
596
597
598
599
600
601
602
603
604
605
606
607
608
609
610
611
612
613
614
615
616
617
618
619
620
621
622
623
624
625
626
627
628
629
630
631
632
633
634
635
636
637
638
639
640
641
642
643
644
645
646
647
648
649
650
651
652
653
654
655
656
657
658
659
660
661
662
663
664
665
666
667
668
669
670
671
672
673
674
675
676
677
678
679
680
681
682
683
684
685
686
687
688
689
690
691
692
693
694
695
696
697
698
699
700
701
702
703
704
705
706
707
708
709
710
711
712
713
714
715
716
717
718
719
720
721
722
723
724
725
726
727
728
729
730
731
732
733
734
735
736
737
738
739
740
741
742
743
744
745
746
747
748
749
750
751
752
753
754
755
756
757
758
759
760
761
762
763
764
765
766
767
768
769
770
771
772
773
774
775
776
777
778
779
780
781
782
783
784
785
786
787
788
789
790
791
792
793
794
795
796
797
798
799
800
801
802
803
804
805
806
807
808
809
810
811
812
813
814
815
816
817
818
819
820
821
822
823
824
825
826
827
828
829
830
831
832
833
834
835
836
Tempo de ordenacao do vetor ordenado decrescente: 0.001964410146077474
Vetor ordenado: 
0
1
2
3
4
5
6
7
8
9
10
11
12
13
14
15
16
17
18
19
20
21
22
23
24
25
26
27
28
29
30
31
32
33
34
35
36
37
38
39
40
41
42
43
44
45
46
47
48
49
50
51
52
53
54
55
56
57
58
59
60
61
62
63
64
65
66
67
68
69
70
71
72
73
74
75
76
77
78
79
80
81
82
83
84
85
86
87
88
89
90
91
92
93
94
95
96
97
98
99
100
101
102
103
104
105
106
107
108
109
110
111
112
113
114
115
116
117
118
119
120
121
122
123
124
125
126
127
128
129
130
131
132
133
134
135
136
137
138
139
140
141
142
143
144
145
146
147
148
149
150
151
152
153
154
155
156
157
158
159
160
161
162
163
164
165
166
167
168
169
170
171
172
173
174
175
176
177
178
179
180
181
182
183
184
185
186
187
188
189
190
191
192
193
194
195
196
197
198
199
200
201
202
203
204
205
206
207
208
209
210
211
212
213
214
215
216
217
218
219
220
221
222
223
224
225
226
227
228
229
230
231
232
233
234
235
236
237
238
239
240
241
242
243
244
245
246
247
248
249
250
251
252
253
254
255
256
257
258
259
260
261
262
263
264
265
266
267
268
269
270
271
272
273
274
275
276
277
278
279
280
281
282
283
284
285
286
287
288
289
290
291
292
293
294
295
296
297
298
299
300
301
302
303
304
305
306
307
308
309
310
311
312
313
314
315
316
317
318
319
320
321
322
323
324
325
326
327
328
329
330
331
332
333
334
335
336
337
338
339
340
341
342
343
344
345
346
347
348
349
350
351
352
353
354
355
356
357
358
359
360
361
362
363
364
365
366
367
368
369
370
371
372
373
374
375
376
377
378
379
380
381
382
383
384
385
386
387
388
389
390
391
392
393
394
395
396
397
398
399
400
401
402
403
404
405
406
407
408
409
410
411
412
413
414
415
416
417
418
419
420
421
422
423
424
425
426
427
428
429
430
431
432
433
434
435
436
437
438
439
440
441
442
443
444
445
446
447
448
449
450
451
452
453
454
455
456
457
458
459
460
461
462
463
464
465
466
467
468
469
470
471
472
473
474
475
476
477
478
479
480
481
482
483
484
485
486
487
488
489
490
491
492
493
494
495
496
497
498
499
500
501
502
503
504
505
506
507
508
509
510
511
512
513
514
515
516
517
518
519
520
521
522
523
524
525
526
527
528
529
530
531
532
533
534
535
536
537
538
539
540
541
542
543
544
545
546
547
548
549
550
551
552
553
554
555
556
557
558
559
560
561
562
563
564
565
566
567
568
569
570
571
572
573
574
575
576
577
578
579
580
581
582
583
584
585
586
587
588
589
590
591
592
593
594
595
596
597
598
599
600
601
602
603
604
605
606
607
608
609
610
611
612
613
614
615
616
617
618
619
620
621
622
623
624
625
626
627
628
629
630
631
632
633
634
635
636
637
638
639
640
641
642
643
644
645
646
647
648
649
650
651
652
653
654
655
656
657
658
659
660
661
662
663
664
665
666
667
668
669
670
671
672
673
674
675
676
677
678
679
680
681
682
683
684
685
686
687
688
689
690
691
692
693
694
695
696
697
698
699
700
701
702
703
704
705
706
707
708
709
710
711
712
713
714
715
716
717
718
719
720
721
722
723
724
725
726
727
728
729
730
731
732
733
734
735
736
737
738
739
740
741
742
743
744
745
746
747
748
749
750
751
752
753
754
755
756
757
758
759
760
761
762
763
764
765
766
767
768
769
770
771
772
773
774
775
776
777
778
779
780
781
782
783
784
785
786
787
788
789
790
791
792
793
794
795
796
797
798
799
800
801
802
803
804
805
806
807
808
809
810
811
812
813
814
815
816
817
818
819
820
821
822
823
824
825
826
827
828
829
830
831
832
833
834
835
836
Tempo de ordenacao do vetor aleatorio: 0.0026665528615315757
Vetor ordenado: 
65
180
197
285
1032
1372
1625
1954
2035
2191
2203
2390
2576
2636
2960
2972
3111
3276
3297
3477
3617
3683
3693
3714
3996
4070
4655
5290
5455
5579
5791
5816
6215
6683
6712
7277
7476
7528
7531
7552
7640
7793
7926
7960
7985
8255
8285
8538
8646
8693
8700
8789
9777
9850
10355
10956
11872
11913
11947
12087
12787
12882
12983
13019
13441
13661
13760
13905
14040
14166
14262
14369
14401
14887
14940
15136
15617
15774
15962
16337
16569
16837
17007
17030
17091
17885
17912
17956
18343
18430
18708
18742
18791
19945
19953
20424
21098
21193
21230
21556
21714
22443
22584
22724
22872
23528
23981
23995
24328
24360
24377
24661
24724
24789
24821
25200
25360
25608
25773
25984
26178
26197
26269
26405
26932
26970
27177
27510
27747
28315
28712
29001
29096
29365
29565
29693
29739
29893
29992
30027
30465
30661
30763
30800
30909
31197
31296
31456
32341
32811
32878
33469
33529
34734
34837
35197
35462
35528
35818
36070
36204
36366
36498
36622
36807
37468
37647
37659
37846
37985
38079
38190
38556
38862
39075
39205
39467
40055
40387
40536
40749
41055
41400
41501
41656
42058
42575
42992
43009
43136
43238
43599
43919
44076
44535
44569
44684
44763
44844
45651
45780
45986
46330
46875
46913
47067
47483
47494
47577
47630
47795
47872
47913
48115
48170
48489
48492
48780
48943
49180
49208
49490
49624
50036
50284
50340
50507
50884
51118
51133
51798
51978
52284
52664
53126
53331
53469
53729
53817
53919
54250
54792
54988
55400
55949
56583
56650
56928
57026
57322
57457
58026
58063
58074
58382
58527
58547
58581
58874
59080
59223
59289
59344
59531
59873
60348
60361
60564
61042
61145
61399
61470
62177
62257
62337
63052
63481
63714
63727
63766
63942
64259
64342
64393
64395
64494
65023
65189
65381
65561
66148
66457
67027
67082
67122
67138
67379
67446
67973
68212
68321
68329
68485
68961
69061
69141
69379
69742
69833
70524
70849
71138
71261
71356
71471
71669
72114
72476
72629
72757
72758
73567
74256
74453
75528
75573
76159
76841
77018
77047
77162
77409
77572
77962
77966
78107
78125
78129
78133
78295
78568
78754
79068
79421
79761
79822
79966
80059
80564
80680
80944
81598
81653
82215
82299
82505
82593
83001
83210
83408
83590
83660
84134
84297
84407
84435
84721
84905
85031
85646
85894
85982
85983
86015
87030
87448
87686
87698
87962
87976
88206
88293
88344
88695
88836
88916
89317
89923
90204
90281
90608
90992
92195
92408
92573
92692
93137
93219
94037
94472
94962
95120
95359
95409
95503
95702
95870
96196
96579
96632
97046
97585
97624
97672
97959
97980
98070
98449
98981
99403
99746
99803
100064
100264
101366
101404
101406
101592
101687
101972
102118
102322
102521
102551
102751
102950
103573
103663
103682
103699
104258
104495
104704
104823
104825
105336
105354
105575
105651
106168
107037
107114
107121
107169
107252
107409
107651
107809
108238
109159
109297
109513
109547
110009
110138
110148
110330
110505
110683
110715
111261
111349
111398
111433
111701
111758
111964
112580
112726
112977
113036
113234
113332
113364
113417
113450
113507
113640
113693
113915
114156
114924
115073
115693
116003
116445
116587
116815
116904
117298
117596
117603
117812
118402
118877
119205
119229
119606
120136
120168
120684
121313
121633
121769
121771
121924
122048
122725
123229
123237
123255
123532
124051
124078
124182
124323
124418
124644
124657
124706
124741
125272
125331
125906
126270
127063
127342
127415
127451
127529
127663
127695
128009
128344
128368
128511
128544
128547
128768
128832
128881
128949
129190
129996
130551
130651
131061
131148
131229
131379
131839
131943
132452
132478
132524
132909
133515
133664
133684
133727
133955
134407
134623
134706
134709
135009
135152
135310
135888
135983
136202
136226
136879
137018
137693
138156
138336
138352
138962
139123
139517
139771
139915
140627
141089
142622
142701
142939
143060
143419
143473
143776
144378
144638
144679
144924
145124
145194
145299
145325
145382
145496
146012
146045
146424
146807
147088
147372
147521
147671
147693
147777
147978
148298
148678
148761
148805
148892
149117
149271
149698
150068
150239
150626
150937
150950
151152
151341
151848
152108
152729
152998
153129
153212
153370
153632
153676
153750
153955
154214
154341
154412
154528
154576
154966
155232
155515
155648
155664
155723
155735
155991
156140
156164
156514
156709
156769
157007
157045
157149
157429
157683
158219
158899
159108
159406
160032
161149
161360
161446
161577
162077
162530
162546
162714
162742
162758
162855
162876
163404
163467
163574
163746
164089
164381
164711
164881
165167
165896
166038
166061
166084
166180
166403
166464
166496
167312
167530
167807
167865
168068
168124
168257
168593
169131
169639
170232
170289
170559
171155
171887
172191
172211
173018
173958
174058
174167
174291
174313
174605
174668
174672
174734
174774
174830
174958
175248
175375
175496
175511
175830
175839
176314
176558
176936
176983
177505
177611
178236
178365
178376
178634
179153
179489
179682
180565
180794
180832
181284
181357
181382
181459
181702
181877
182065
182140
182878
183150
183219
183421
184426
184618
185054
185066
185242
185481
185632
185667
185892
185977
186194
186362
186430
187301
188494
188697
188728
188883
189151
189447
189481
190064
190685
190822
190827
190959
191130
191434
191601
191631
191754
192638
192717
192719
192744
192769
192925
193343
193402
193410
193964
194000
194192
194582
194890
195035
195255
195511
195667
195733
195758
196547
196629
196671
196908
197168
197188
197469
198121
198127
198475
198769
198781
198885
199103
199457
199940
